29 0 0 409.75 6.12819 471.032
29 0 1 350.596 5.78881 408.484
29 0 2 348.146 2.29385 371.085
29 0 3 378.529 2.43331 402.862
29 0 4 412.984 3.34882 446.473
29 0 5 337.32 3.38121 371.132
29 0 6 381.395 3.20592 413.454
29 0 7 311.957 2.74682 339.425
29 0 8 368.414 3.07021 399.116
29 0 9 383.906 3.18735 415.78
29 0 10 426.145 2.96177 455.762
29 0 11 360.201 2.15887 381.79
29 0 12 319.623 3.10124 350.635
29 0 13 370.396 3.34317 403.828
29 0 14 347.539 3.4605 382.144
29 0 15 299.928 3.12385 331.166
29 0 16 356.299 3.20987 388.398
29 0 17 385.871 3.56236 421.495
29 0 18 380.26 3.76882 417.948
29 0 19 366.246 3.37181 399.964
29 0 20 345.969 3.39965 379.965
29 0 21 304.197 3.01269 334.324
29 0 22 366.318 2.19156 388.234
29 0 23 372.994 3.08948 403.889
29 0 24 426.686 3.03379 457.023
29 0 25 334.715 3.29428 367.658
29 0 26 343.285 3.15001 374.785
29 0 27 330.82 3.74256 368.246
29 0 28 338.5 3.08854 369.385
29 0 29 330.814 3.245 363.264
29 0 30 355.688 2.98433 385.531
29 0 31 291.035 2.90385 320.074
29 0 32 348.203 2.98462 378.049
29 0 33 310.9 2.95801 340.481
29 0 34 385.316 2.90028 414.319
29 0 35 353.139 2.93123 382.451
29 0 36 324.768 3.05782 355.346
29 0 37 290.621 3.09753 321.596
29 0 38 333.418 2.78197 361.238
29 0 39 364.23 2.77855 392.016
29 0 40 357.373 3.21366 389.51
29 0 41 319.445 3.21874 351.633
29 0 42 323.309 3.01793 353.488
29 0 43 382.996 3.18505 414.847
29 0 44 341.924 3.5278 377.202
29 0 45 322.064 2.64902 348.555
29 0 46 288.412 3.61908 324.603
29 0 47 426.244 3.64501 462.694
29 0 48 363.023 3.27208 395.744
29 0 49 341.498 3.15671 373.065
29 0 50 333.023 3.32654 366.289
29 0 51 363.49 3.1387 394.877
29 0 52 405.797 3.31747 438.972
29 0 53 357.855 3.57981 393.654
29 0 54 338.182 3.18692 370.051
29 0 55 331.068 3.14575 362.526
29 0 56 348.842 2.31342 371.976
29 0 57 415.91 3.40148 449.925
29 0 58 331.619 3.41948 365.814
29 0 59 388.328 2.92446 417.573
29 0 60 358.031 3.33058 391.337
29 0 61 384.516 3.31541 417.67
29 0 62 282.479 3.53989 317.877
29 0 63 342.801 3.15228 374.324
29 0 64 315.51 2.53104 340.82
29 0 65 357.383 3.38222 391.205
29 0 66 331.201 3.00724 361.274
29 0 67 321.484 2.97905 351.275
29 1 0 374.57 3.05786 405.149
29 1 1 241.266 3.3042 274.308
29 1 2 367.486 3.04392 397.926
29 1 3 400.119 2.92742 429.393
29 1 4 337.285 2.92095 366.495
29 1 5 410.922 3.29739 443.896
29 1 6 413.455 2.87193 442.174
29 1 7 399.078 3.02879 429.366
29 1 8 425.885 3.10689 456.954
29 1 9 391.906 3.23419 424.248
29 1 10 394.088 3.11092 425.197
29 1 11 399.348 2.07389 420.087
29 1 12 398.773 3.17206 430.494
29 1 13 455.016 2.95602 484.576
29 1 14 423.141 3.22886 455.429
29 1 15 456.75 3.0898 487.648
29 1 16 399.148 2.90027 428.151
29 1 17 422.455 2.95572 452.012
29 1 18 422.209 3.07353 452.944
29 1 19 392.896 3.27977 425.694
29 1 20 464.537 3.06036 495.141
29 1 21 388.977 3.00251 419.002
29 1 22 396.754 2.29001 419.654
29 1 23 383.975 2.95562 413.531
29 1 24 430.775 3.18234 462.599
29 1 25 348.377 3.44325 382.809
29 1 26 379.84 3.36192 413.459
29 1 27 410.939 3.08383 441.778
29 1 28 434.484 2.86066 463.091
29 1 29 405.822 2.9191 435.013
29 1 30 356.891 2.88581 385.749
29 1 31 422.064 3.28077 454.872
29 1 32 386.105 2.74442 413.55
29 1 33 310.611 3.17388 342.35
29 1 34 386.744 2.72699 414.014
29 1 35 373.104 3.18796 404.983
29 1 36 338.441 3.37738 372.215
29 1 37 384.133 3.15454 415.678
29 1 38 369.855 3.2803 402.658
29 1 39 320.443 3.21202 352.564
29 1 40 396.9 3.14802 428.381
29 1 41 375.801 3.33825 409.183
29 1 42 346.504 3.43238 380.828
29 1 43 386.041 2.91418 415.183
29 1 44 370.557 3.22537 402.81
29 1 45 448.945 2.40218 472.967
29 1 46 402.971 5.49619 457.933
29 1 47 433.867 3.74139 471.281
29 1 48 404.475 3.48088 439.283
29 1 49 406.287 2.84248 434.712
29 1 50 340.518 3.18193 372.337
29 1 51 410.533 3.67568 447.29
29 1 52 380.197 3.24491 412.646
29 1 53 394.316 3.67815 431.098
29 1 54 381.764 3.49061 416.67
29 1 55 368.754 3.68352 405.589
29 1 56 395.404 2.30798 418.484
29 1 57 378.078 2.91778 407.256
29 1 58 419.422 3.45758 453.998
29 1 59 366.99 3.22616 399.252
29 1 60 386.586 3.2217 418.803
29 1 61 422.936 3.16748 454.61
29 1 62 421.793 2.80626 449.856
29 1 63 422.955 3.35933 456.548
29 1 64 355.682 5.16091 407.291
29 1 65 347.904 5.13115 399.216
29 1 66 334.191 5.757 391.761
29 1 67 385.5 6.02436 445.744
29 2 0 297.027 5.48784 351.906
29 2 1 324.328 5.52177 379.546
29 2 2 327.795 5.15643 379.359
29 2 3 268.943 4.53445 314.288
29 2 4 322.787 3.25594 355.347
29 2 5 318.512 3.35757 352.087
29 2 6 375.08 2.91337 404.214
29 2 7 415.367 3.08568 446.224
29 2 8 354.992 3.18994 386.892
29 2 9 338.139 3.00363 368.175
29 2 10 393.904 3.31672 427.071
29 2 11 342.059 2.22479 364.306
29 2 12 398.381 3.20605 430.441
29 2 13 290.02 3.0503 320.522
29 2 14 372.084 3.30937 405.178
29 2 15 417.623 3.1839 449.462
29 2 16 325.334 3.16471 356.981
29 2 17 387.619 2.66807 414.3
29 2 18 409.156 3.04635 439.62
29 2 19 418.076 3.0446 448.522
29 2 20 379.25 3.37905 413.04
29 2 21 344.217 3.00551 374.272
29 2 22 369.256 2.21213 391.377
29 2 23 424.594 3.21663 456.76
29 2 24 431.342 3.07814 462.123
29 2 25 355.93 2.93666 385.296
29 2 26 293.986 3.17304 325.717
29 2 27 299.713 3.07802 330.493
29 2 28 333.428 2.86729 362.101
29 2 29 390.568 2.86943 419.263
29 2 30 330.602 3.02681 360.87
29 2 31 281.498 3.16104 313.108
29 2 32 404.828 2.73321 432.16
29 2 33 314.016 2.87767 342.792
29 2 34 298.5 3.05292 329.029
29 2 35 354.094 3.02641 384.358
29 2 36 396.107 2.99449 426.052
29 2 37 327.705 3.2248 359.953
29 2 38 336.062 3.40037 370.066
29 2 39 343.213 3.14736 374.686
29 2 40 316.953 3.3845 350.798
29 2 41 304.328 3.24304 336.759
29 2 42 332.125 3.1131 363.256
29 2 43 302.934 3.18497 334.783
29 2 44 431.883 2.57958 457.679
29 2 45 311.615 2.62619 337.877
29 2 46 296.609 3.49438 331.553
29 2 47 368.65 3.17781 400.428
29 2 48 361.646 2.97221 391.369
29 2 49 380.945 3.34316 414.377
29 2 50 373.926 3.12599 405.186
29 2 51 344.869 3.95784 384.448
29 2 52 338.684 3.19629 370.647
29 2 53 356.623 2.81536 384.777
29 2 54 370.211 3.09335 401.144
29 2 55 382.076 2.96596 411.736
29 2 56 402.939 2.18532 424.793
29 2 57 301.018 2.91442 330.162
29 2 58 310.014 2.84251 338.439
29 2 59 361.742 3.2198 393.94
29 2 60 368.254 3.23705 400.624
29 2 61 307.803 3.41386 341.941
29 2 62 348.914 2.80353 376.949
29 2 63 277.113 3.21417 309.255
29 2 64 393.24 2.60463 419.287
29 2 65 276.398 3.20056 308.404
29 2 66 308.156 2.92668 337.423
29 2 67 279.959 3.22773 312.236
29 3 0 326.145 2.91658 355.31
29 3 1 425.26 3.50514 460.311
29 3 2 382.523 2.4716 407.239
29 3 3 368.195 3.18519 400.047
29 3 4 369.068 2.52356 394.304
29 3 5 371.402 3.15892 402.991
29 3 6 373.992 2.60482 400.04
29 3 7 403.887 3.09404 434.827
29 3 8 393.336 3.01242 423.46
29 3 9 423.701 3.00562 453.757
29 3 10 361.418 2.84377 389.856
29 3 11 405.979 2.02656 426.244
29 3 12 444.574 2.74331 472.007
29 3 13 368.598 3.02242 398.822
29 3 14 426.07 3.3335 459.405
29 3 15 381.502 3.34827 414.985
29 3 16 366.566 3.6287 402.853
29 3 17 335.879 2.923 365.109
29 3 18 383.867 2.9951 413.818
29 3 19 409.023 3.11803 440.204
29 3 20 397.941 3.57843 433.726
29 3 21 394.416 3.17288 426.145
29 3 22 377.754 2.3918 401.672
29 3 23 460.859 3.2343 493.202
29 3 24 340.732 2.86081 369.341
29 3 25 438.309 2.78992 466.208
29 3 26 387.139 2.90244 416.163
29 3 27 370.289 2.76036 397.893
29 3 28 327.115 3.16296 358.745
29 3 29 361.824 3.07465 392.571
29 3 30 321.789 3.03856 352.175
29 3 31 441.055 2.92433 470.298
29 3 32 367.209 2.50883 392.297
29 3 33 391.984 3.0866 422.85
29 3 34 311.578 2.8232 339.81
29 3 35 366.166 3.07424 396.908
29 3 36 361.475 2.74988 388.973
29 3 37 359.953 3.38103 393.763
29 3 38 385.939 2.71466 413.086
29 3 39 385.287 3.34734 418.76
29 3 40 337.41 3.30538 370.464
29 3 41 443.084 3.15095 474.593
29 3 42 362.094 3.19775 394.071
29 3 43 331.971 3.623 368.201
29 3 44 369.678 2.88985 398.576
29 3 45 377.646 2.48551 402.502
29 3 46 362.932 3.65307 399.462
29 3 47 389.938 3.0401 420.338
29 3 48 423.037 3.32906 456.328
29 3 49 359.852 3.23153 392.167
29 3 50 372.377 3.33139 405.691
29 3 51 373.01 2.93049 402.315
29 3 52 331.598 3.58358 367.433
29 3 53 373.496 3.07205 404.217
29 3 54 330.965 3.31644 364.129
29 3 55 397.107 2.87265 425.834
29 3 56 338.023 2.73566 365.38
29 3 57 307.34 3.56109 342.951
29 3 58 416.738 3.60418 452.78
29 3 59 392.303 2.86686 420.971
29 3 60 373.996 2.75567 401.553
29 3 61 381.674 3.35833 415.257
29 3 62 342.945 2.84099 371.355
29 3 63 320.275 3.50674 355.343
29 3 64 384.67 2.70821 411.752
29 3 65 437.939 5.43231 492.263
29 3 66 349.695 3.14135 381.109
29 3 67 414.154 5.182 465.974
