29 0 0 412.398 2.32292 435.628
29 0 1 350.203 5.52107 405.414
29 0 2 348.906 2.35663 372.473
29 0 3 379.469 2.27396 402.208
29 0 4 415.57 2.28252 438.396
29 0 5 338.48 3.26014 371.082
29 0 6 383.652 2.35274 407.18
29 0 7 313.326 3.56429 348.969
29 0 8 366.617 3.34155 400.033
29 0 9 384.443 2.95882 414.032
29 0 10 425.252 2.90558 454.308
29 0 11 360.787 2.29886 383.776
29 0 12 321.543 3.44914 356.034
29 0 13 372.752 3.86225 411.374
29 0 14 349.463 3.43332 383.796
29 0 15 302.852 3.66857 339.537
29 0 16 357.314 3.54226 392.737
29 0 17 389.463 2.79414 417.404
29 0 18 379.793 3.83804 418.173
29 0 19 366.666 3.22099 398.876
29 0 20 347.721 3.42642 381.985
29 0 21 305.766 2.83597 334.125
29 0 22 366.34 2.16906 388.03
29 0 23 372.727 3.50661 407.793
29 0 24 428.604 3.72977 465.901
29 0 25 335.328 2.95106 364.839
29 0 26 343.898 3.63165 380.215
29 0 27 333.162 3.03995 363.562
29 0 28 338.961 2.96964 368.657
29 0 29 330.863 3.4308 365.171
29 0 30 358.295 3.01444 388.439
29 0 31 293.844 2.65662 320.41
29 0 32 349.318 2.9465 378.783
29 0 33 313.07 2.74768 340.547
29 0 34 387.121 2.98057 416.927
29 0 35 353.906 3.08395 384.746
29 0 36 327.072 3.44667 361.539
29 0 37 289.588 3.49051 324.493
29 0 38 335.908 3.11206 367.029
29 0 39 365.014 2.79819 392.996
29 0 40 357.105 3.3826 390.931
29 0 41 319.67 3.26595 352.329
29 0 42 322.932 3.09442 353.876
29 0 43 385.701 3.37884 419.49
29 0 44 343.928 3.2531 376.459
29 0 45 321.762 2.83702 350.132
29 0 46 288.834 3.46942 323.528
29 0 47 428.041 3.25784 460.619
29 0 48 363.152 3.30013 396.154
29 0 49 341.502 3.21313 373.633
29 0 50 332.221 3.24461 364.667
29 0 51 365.152 3.02597 395.412
29 0 52 404.807 3.74058 442.212
29 0 53 358.854 3.56634 394.517
29 0 54 339.73 3.24724 372.203
29 0 55 332.271 3.19706 364.242
29 0 56 349.365 2.41039 373.469
29 0 57 416.314 3.12699 447.584
29 0 58 333.662 3.12642 364.926
29 0 59 388.25 3.53056 423.556
29 0 60 358.916 3.84956 397.412
29 0 61 384.787 3.4175 418.962
29 0 62 284.107 3.22741 316.382
29 0 63 342.1 3.02655 372.365
29 0 64 317.533 2.82823 345.816
29 0 65 358.463 3.50259 393.489
29 0 66 332.322 3.39111 366.233
29 0 67 323.748 3.0138 353.886
29 1 0 376.395 3.23926 408.787
29 1 1 244.232 3.30049 277.237
29 1 2 368.059 2.74013 395.46
29 1 3 398.111 2.95165 427.628
29 1 4 338.049 2.9764 367.813
29 1 5 410.949 3.05058 441.455
29 1 6 412.672 3.43035 446.975
29 1 7 397.795 3.28213 430.616
29 1 8 427.332 2.85713 455.903
29 1 9 391.865 3.06368 422.502
29 1 10 395.537 3.07754 426.313
29 1 11 399.139 2.02579 419.397
29 1 12 398.605 3.49562 433.562
29 1 13 456.084 3.46167 490.701
29 1 14 425.312 3.07713 456.084
29 1 15 457.166 3.42751 491.441
29 1 16 400.768 3.11227 431.89
29 1 17 425.295 3.65357 461.831
29 1 18 423.076 3.23917 455.468
29 1 19 393.918 2.8643 422.561
29 1 20 468.678 3.26972 501.375
29 1 21 389.871 3.2366 422.237
29 1 22 398.004 2.2552 420.556
29 1 23 382.51 2.98628 412.373
29 1 24 432.688 2.98891 462.577
29 1 25 349.746 3.31338 382.88
29 1 26 381.98 3.43858 416.366
29 1 27 415.08 2.69393 442.019
29 1 28 432.348 2.75501 459.898
29 1 29 406.938 2.92684 436.206
29 1 30 359.744 2.66981 386.442
29 1 31 423.672 3.26944 456.366
29 1 32 388.016 2.74142 415.43
29 1 33 313.475 3.26609 346.135
29 1 34 387.402 2.83915 415.794
29 1 35 375.293 3.47481 410.041
29 1 36 341.082 3.12705 372.353
29 1 37 381.945 2.96808 411.626
29 1 38 369.943 3.30877 403.031
29 1 39 321.025 3.40515 355.077
29 1 40 398.221 3.35761 431.797
29 1 41 377.529 3.16029 409.132
29 1 42 343.93 3.55961 379.526
29 1 43 383.369 3.49867 418.356
29 1 44 370.965 3.08517 401.817
29 1 45 450.082 2.35955 473.678
29 1 46 402.99 5.50514 458.042
29 1 47 434.852 2.92842 464.136
29 1 48 405.457 3.49974 440.454
29 1 49 407.912 3.80508 445.963
29 1 50 345.564 3.80067 383.571
29 1 51 410.938 3.32074 444.145
29 1 52 382.486 3.70755 419.562
29 1 53 395.539 3.6334 431.873
29 1 54 385.498 3.56579 421.156
29 1 55 370.555 3.2242 402.797
29 1 56 396.291 2.47867 421.078
29 1 57 378.42 3.39425 412.362
29 1 58 415.984 3.51833 451.168
29 1 59 366.164 3.10752 397.239
29 1 60 390.049 3.52496 425.298
29 1 61 426.381 3.15818 457.963
29 1 62 423.736 3.19283 455.665
29 1 63 423.402 2.83433 451.746
29 1 64 356.928 4.62422 403.17
29 1 65 351.5 5.13756 402.876
29 1 66 335.842 4.65115 382.353
29 1 67 389.576 4.9822 439.398
29 2 0 301.863 4.51915 347.055
29 2 1 327.598 4.50415 372.639
29 2 2 329.693 4.82848 377.978
29 2 3 272.047 5.0286 322.333
29 2 4 326.256 2.85232 354.779
29 2 5 318.832 3.39449 352.777
29 2 6 380.299 2.81503 408.449
29 2 7 418.744 3.41283 452.872
29 2 8 357.697 3.46807 392.378
29 2 9 338.656 3.39217 372.578
29 2 10 395.725 2.76846 423.409
29 2 11 343.475 2.21398 365.614
29 2 12 398.643 3.03804 429.023
29 2 13 290.787 3.47755 325.563
29 2 14 372.713 3.44 407.113
29 2 15 419.488 2.88515 448.34
29 2 16 327.037 3.32083 360.245
29 2 17 388.623 2.82506 416.874
29 2 18 412.859 2.93812 442.241
29 2 19 419.408 2.92473 448.656
29 2 20 382.871 3.35745 416.446
29 2 21 347.52 3.03489 377.868
29 2 22 369.947 2.29792 392.926
29 2 23 424.113 3.38985 458.012
29 2 24 432.992 2.63538 459.346
29 2 25 356.176 3.1481 387.657
29 2 26 297.191 3.20377 329.229
29 2 27 301.172 3.16563 332.828
29 2 28 335.826 3.15223 367.349
29 2 29 389.109 2.90671 418.176
29 2 30 333.232 3.33347 366.567
29 2 31 281.045 3.15237 312.569
29 2 32 406.271 2.66241 432.896
29 2 33 315.852 3.16003 347.452
29 2 34 303.473 2.81584 331.631
29 2 35 356.551 3.28903 389.441
29 2 36 397.266 3.12871 428.553
29 2 37 330.717 3.39172 364.634
29 2 38 339.564 3.38248 373.389
29 2 39 346.609 3.19175 378.527
29 2 40 319.512 3.49663 354.478
29 2 41 305.998 3.29624 338.96
29 2 42 330.295 3.16921 361.987
29 2 43 303.051 3.14018 334.453
29 2 44 432.273 3.28518 465.125
29 2 45 314.055 2.74519 341.507
29 2 46 295.646 3.59823 331.629
29 2 47 370.045 3.3721 403.766
29 2 48 362.861 3.24975 395.359
29 2 49 383.688 3.58872 419.575
29 2 50 373.162 3.07635 403.926
29 2 51 345.324 3.44776 379.802
29 2 52 342.438 3.11185 373.556
29 2 53 357.711 3.02568 387.968
29 2 54 374.328 3.57915 410.12
29 2 55 379.668 3.17877 411.456
29 2 56 404.855 2.31811 428.037
29 2 57 302.301 3.37201 336.021
29 2 58 316.447 3.50629 351.51
29 2 59 363.238 3.16935 394.932
29 2 60 369.961 3.34746 403.436
29 2 61 308.131 3.89115 347.042
29 2 62 350.365 3.31389 383.504
29 2 63 277.332 3.2887 310.219
29 2 64 394.508 2.99934 424.501
29 2 65 278.021 3.20972 310.119
29 2 66 312.115 3.12819 343.397
29 2 67 282.449 3.03195 312.769
29 3 0 325.828 3.15698 357.398
29 3 1 425.875 3.15671 457.442
29 3 2 384.662 2.96942 414.356
29 3 3 368.963 3.27642 401.727
29 3 4 372.707 2.85593 401.266
29 3 5 373.896 2.87755 402.672
29 3 6 373.654 2.92411 402.895
29 3 7 404.645 2.93926 434.037
29 3 8 391.547 3.07868 422.334
29 3 9 422.705 3.37398 456.445
29 3 10 361.635 3.03904 392.025
29 3 11 407.76 2.1935 429.695
29 3 12 447.041 2.91418 476.183
29 3 13 369.604 3.18152 401.419
29 3 14 426.496 3.29358 459.432
29 3 15 381.396 3.48952 416.292
29 3 16 370.623 3.22534 402.876
29 3 17 339.072 3.39414 373.014
29 3 18 386.309 3.36435 419.952
29 3 19 410.205 2.8482 438.687
29 3 20 402.266 3.42893 436.555
29 3 21 398.4 3.23522 430.753
29 3 22 379.805 2.27695 402.574
29 3 23 463.34 2.95304 492.87
29 3 24 341.396 3.342 374.816
29 3 25 440.184 3.07927 470.976
29 3 26 390.484 3.07773 421.262
29 3 27 372.246 3.00812 402.327
29 3 28 328.367 2.83152 356.682
29 3 29 361.812 2.88585 390.671
29 3 30 325.229 3.09241 356.153
29 3 31 440.791 2.79671 468.758
29 3 32 368.455 2.80379 396.493
29 3 33 390.986 2.8432 419.418
29 3 34 311.693 2.8473 340.166
29 3 35 366.557 3.04663 397.023
29 3 36 359.83 3.08544 390.685
29 3 37 363.809 2.97294 393.538
29 3 38 386.738 3.15391 418.277
29 3 39 384.711 3.02697 414.981
29 3 40 338.879 3.50516 373.93
29 3 41 444.047 3.11149 475.162
29 3 42 364.34 3.58841 400.224
29 3 43 332.605 3.57845 368.39
29 3 44 371.162 3.04316 401.594
29 3 45 378.676 2.46149 403.291
29 3 46 363.406 3.32119 396.618
29 3 47 391.701 2.99064 421.608
29 3 48 424.188 3.4562 458.749
29 3 49 359.707 3.36458 393.353
29 3 50 372.184 3.87922 410.976
29 3 51 375.186 3.11917 406.377
29 3 52 330.799 3.56532 366.452
29 3 53 374.891 3.39688 408.859
29 3 54 331.74 3.4518 366.258
29 3 55 399.701 3.60806 435.782
29 3 56 338.83 2.62508 365.081
29 3 57 307.498 3.78267 345.325
29 3 58 417.84 3.22007 450.041
29 3 59 395.467 3.15344 427.001
29 3 60 375.162 3.21907 407.353
29 3 61 383.189 3.71931 420.383
29 3 62 345.855 3.74513 383.307
29 3 63 322.445 3.78382 360.284
29 3 64 384.516 3.98235 424.339
29 3 65 438.416 5.09526 489.369
29 3 66 352.412 4.87541 401.166
29 3 67 416.912 4.98808 466.793
