29 0 0 412.555 6.00593 472.614
29 0 1 349.723 6.16895 411.412
29 0 2 350.697 2.28278 373.525
29 0 3 381.594 2.55162 407.11
29 0 4 417.113 2.35162 440.63
29 0 5 340.783 3.26048 373.388
29 0 6 386.256 3.37427 419.999
29 0 7 313.754 3.47451 348.499
29 0 8 367.162 3.67358 403.898
29 0 9 387.602 2.89015 416.503
29 0 10 427.793 3.03368 458.13
29 0 11 362.217 2.20127 384.229
29 0 12 321.945 3.49566 356.902
29 0 13 372.584 3.74385 410.022
29 0 14 353.293 3.00457 383.339
29 0 15 304.348 3.46921 339.04
29 0 16 359.354 3.67397 396.093
29 0 17 389.98 3.15913 421.572
29 0 18 380.824 3.36113 414.436
29 0 19 370.537 3.56779 406.215
29 0 20 351.014 3.77619 388.776
29 0 21 308.266 3.61363 344.402
29 0 22 368.025 2.34798 391.505
29 0 23 374.625 3.54271 410.052
29 0 24 429.334 2.89729 458.307
29 0 25 338.396 3.13452 369.742
29 0 26 348.605 3.63799 384.985
29 0 27 333.52 3.29826 366.502
29 0 28 341.24 3.23176 373.558
29 0 29 331.357 3.22575 363.615
29 0 30 359.355 2.92461 388.602
29 0 31 292.062 2.98172 321.88
29 0 32 351.264 3.1348 382.612
29 0 33 313.627 3.1036 344.663
29 0 34 388.477 3.04578 418.934
29 0 35 352.768 3.19036 384.671
29 0 36 326.076 2.96728 355.749
29 0 37 289.945 3.22299 322.175
29 0 38 335.672 3.00224 365.694
29 0 39 367.158 2.9955 397.113
29 0 40 357.654 3.24754 390.13
29 0 41 323.18 3.31823 356.362
29 0 42 326.031 3.46678 360.699
29 0 43 385.582 3.54121 420.994
29 0 44 343.861 3.1515 375.376
29 0 45 323.234 2.72427 350.477
29 0 46 291.578 3.67394 328.317
29 0 47 430.133 3.27424 462.875
29 0 48 364.525 3.52271 399.753
29 0 49 343.775 3.80357 381.811
29 0 50 333.055 3.57685 368.823
29 0 51 365.217 3.84691 403.686
29 0 52 410.33 3.35795 443.91
29 0 53 362.088 4.07092 402.797
29 0 54 344.582 3.34377 378.02
29 0 55 334.49 3.51613 369.652
29 0 56 352.377 2.37428 376.12
29 0 57 418.357 3.43682 452.726
29 0 58 333.914 3.37448 367.659
29 0 59 390.047 3.71675 427.214
29 0 60 360.176 3.23741 392.55
29 0 61 384.027 3.26428 416.67
29 0 62 283.707 3.40383 317.745
29 0 63 342.686 3.02928 372.978
29 0 64 318.156 2.72986 345.455
29 0 65 361.371 3.06042 391.975
29 0 66 333.941 3.69127 370.854
29 0 67 323.9 3.66836 360.584
29 1 0 378.492 3.21373 410.629
29 1 1 244.969 3.37833 278.752
29 1 2 370.775 3.09144 401.69
29 1 3 403.184 3.21153 435.299
29 1 4 339.449 3.38963 373.346
29 1 5 412.506 2.83463 440.852
29 1 6 418.344 3.43053 452.649
29 1 7 401.379 3.21875 433.566
29 1 8 429.256 3.30231 462.279
29 1 9 394.709 3.39624 428.671
29 1 10 399.18 3.29994 432.179
29 1 11 401.072 2.0721 421.793
29 1 12 401.939 3.34159 435.355
29 1 13 460.633 3.19942 492.627
29 1 14 427.258 3.10493 458.307
29 1 15 462.168 3.32179 495.386
29 1 16 401.979 3.59219 437.9
29 1 17 426.258 3.01687 456.427
29 1 18 426.133 3.17613 457.894
29 1 19 394.742 2.96594 424.402
29 1 20 468.148 3.41833 502.332
29 1 21 393.297 3.89834 432.28
29 1 22 399.984 2.31329 423.117
29 1 23 386.346 3.08595 417.205
29 1 24 434.715 3.34955 468.21
29 1 25 352.068 3.81573 390.226
29 1 26 383.662 3.63107 419.973
29 1 27 415.23 3.14519 446.682
29 1 28 435.137 3.17043 466.841
29 1 29 412.406 2.94597 441.866
29 1 30 360.764 3.44102 395.174
29 1 31 426.822 2.87188 455.541
29 1 32 391.105 3.26388 423.744
29 1 33 314.869 3.19553 346.824
29 1 34 387.861 3.01272 417.989
29 1 35 376.262 2.99183 406.18
29 1 36 343.465 3.29398 376.405
29 1 37 387.041 3.18202 418.861
29 1 38 371.268 3.1019 402.287
29 1 39 324.26 3.34198 357.68
29 1 40 401.141 3.73222 438.463
29 1 41 378.865 3.09791 409.844
29 1 42 345.648 3.11772 376.826
29 1 43 386.662 3.27113 419.373
29 1 44 374.977 3.34878 408.464
29 1 45 451.469 2.35248 474.994
29 1 46 404.9 5.73332 462.234
29 1 47 434.82 3.43849 469.205
29 1 48 406.154 3.44964 440.651
29 1 49 411.617 3.7565 449.182
29 1 50 345.678 3.32774 378.955
29 1 51 411.273 3.50327 446.306
29 1 52 383.352 3.11207 414.472
29 1 53 397.732 3.29249 430.657
29 1 54 387.094 3.49092 422.003
29 1 55 372.098 3.79379 410.036
29 1 56 398.99 2.40887 423.079
29 1 57 379.695 3.23629 412.058
29 1 58 421.545 3.3433 454.978
29 1 59 367.928 3.46926 402.62
29 1 60 390.564 3.95529 430.117
29 1 61 426.008 3.48713 460.879
29 1 62 422.684 3.54732 458.157
29 1 63 422.98 3.30536 456.034
29 1 64 356.818 5.03661 407.184
29 1 65 352.631 5.45816 407.212
29 1 66 338.883 5.85885 397.471
29 1 67 390.637 6.05225 451.159
29 2 0 300.223 6.21688 362.391
29 2 1 332.033 6.60292 398.062
29 2 2 330 6.20232 392.023
29 2 3 272.023 5.86697 330.693
29 2 4 326.398 3.12022 357.601
29 2 5 321.111 3.48004 355.912
29 2 6 381.186 2.89914 410.177
29 2 7 423.047 3.67234 459.77
29 2 8 362.205 3.634 398.545
29 2 9 341.053 3.56677 376.72
29 2 10 396.414 3.0176 426.59
29 2 11 344.582 2.25544 367.136
29 2 12 401.133 3.25389 433.672
29 2 13 294.168 3.21543 326.322
29 2 14 376.725 3.53392 412.064
29 2 15 420.318 3.35733 453.892
29 2 16 330.338 3.65092 366.847
29 2 17 389.402 2.95907 418.993
29 2 18 413.898 3.18772 445.776
29 2 19 420.225 3.19214 452.146
29 2 20 384.717 2.90337 413.751
29 2 21 347.393 3.44944 381.887
29 2 22 372.799 2.33865 396.185
29 2 23 428.875 3.01364 459.011
29 2 24 435.256 3.05659 465.822
29 2 25 359.926 2.88895 388.815
29 2 26 301.594 3.49483 336.542
29 2 27 303.654 3.18008 335.455
29 2 28 337.887 2.95455 367.432
29 2 29 391.021 2.79675 418.989
29 2 30 334.676 3.22714 366.947
29 2 31 284.791 3.03194 315.11
29 2 32 408.027 2.83519 436.379
29 2 33 315.607 3.06253 346.233
29 2 34 303.291 3.04255 333.717
29 2 35 359.48 3.08784 390.359
29 2 36 401.232 2.98346 431.067
29 2 37 331.877 2.84401 360.317
29 2 38 340.26 3.08931 371.153
29 2 39 349.037 2.98116 378.849
29 2 40 323.127 3.43373 357.464
29 2 41 306.221 3.8038 344.259
29 2 42 334.18 2.8985 363.165
29 2 43 307.494 3.49161 342.41
29 2 44 432.66 3.36482 466.308
29 2 45 316.895 2.67304 343.625
29 2 46 298.842 3.26265 331.468
29 2 47 369.326 3.58342 405.16
29 2 48 364.023 3.83948 402.418
29 2 49 385.574 3.79997 423.574
29 2 50 378.205 3.26842 410.889
29 2 51 347.416 3.49676 382.384
29 2 52 345.031 3.23419 377.373
29 2 53 360.662 3.43936 395.056
29 2 54 374.797 3.58569 410.654
29 2 55 381.803 3.31988 415.002
29 2 56 407.146 2.25694 429.716
29 2 57 305.363 3.50012 340.364
29 2 58 317.877 3.70368 354.914
29 2 59 364.332 3.45777 398.91
29 2 60 372.182 3.49445 407.126
29 2 61 311.842 3.69337 348.776
29 2 62 353.977 3.33299 387.306
29 2 63 280.754 3.20552 312.809
29 2 64 396.543 3.05006 427.044
29 2 65 280.818 2.99352 310.754
29 2 66 315.289 3.51982 350.487
29 2 67 282.811 3.19014 314.712
29 3 0 326.402 3.07622 357.165
29 3 1 426.893 3.26412 459.534
29 3 2 383.1 3.28881 415.988
29 3 3 370.611 3.48872 405.499
29 3 4 372.748 3.30675 405.816
29 3 5 374.354 3.47452 409.099
29 3 6 377.109 3.54543 412.564
29 3 7 405.316 3.23094 437.626
29 3 8 393.387 3.34636 426.85
29 3 9 425.764 3.04215 456.185
29 3 10 363.871 3.25165 396.388
29 3 11 410.334 2.11943 431.528
29 3 12 448.121 3.26633 480.784
29 3 13 372.031 3.64528 408.484
29 3 14 429.512 3.29237 462.435
29 3 15 383.385 3.38228 417.208
29 3 16 371.518 3.63625 407.88
29 3 17 339.408 3.54042 374.812
29 3 18 387.934 3.6731 424.665
29 3 19 413.309 3.43899 447.698
29 3 20 399.488 3.30894 432.578
29 3 21 398.631 3.17867 430.418
29 3 22 380.26 2.36034 403.863
29 3 23 463.219 3.29699 496.189
29 3 24 342.559 3.47599 377.318
29 3 25 439.768 3.26419 472.41
29 3 26 390.375 3.46354 425.01
29 3 27 373.5 3.2626 406.126
29 3 28 331.125 3.54271 366.552
29 3 29 362.449 3.23997 394.849
29 3 30 325.6 3.02041 355.804
29 3 31 442.34 3.2134 474.474
29 3 32 372.693 3.14272 404.121
29 3 33 392.537 3.1022 423.559
29 3 34 312.795 3.57221 348.517
29 3 35 366.037 2.75578 393.595
29 3 36 363.686 3.06389 394.324
29 3 37 362.268 3.16547 393.922
29 3 38 391.35 3.02413 421.591
29 3 39 386.266 2.88784 415.144
29 3 40 340.15 3.42253 374.376
29 3 41 445.996 3.26857 478.682
29 3 42 367.008 3.81659 405.174
29 3 43 333.277 3.41373 367.415
29 3 44 372.262 3.03718 402.634
29 3 45 380.279 2.52915 405.571
29 3 46 364.506 3.21495 396.655
29 3 47 392.914 3.46585 427.573
29 3 48 423.977 3.6006 459.983
29 3 49 362.324 3.48943 397.219
29 3 50 375.316 3.7314 412.63
29 3 51 376.541 4.16954 418.236
29 3 52 335.641 3.74528 373.093
29 3 53 375.215 3.40392 409.254
29 3 54 334.211 3.89341 373.145
29 3 55 399.119 3.5772 434.891
29 3 56 339.709 2.65225 366.232
29 3 57 310.031 3.59022 345.933
29 3 58 420.348 3.68541 457.202
29 3 59 395.852 3.57474 431.599
29 3 60 375.062 3.12812 406.344
29 3 61 386.744 3.45323 421.276
29 3 62 346.826 2.84959 375.322
29 3 63 323.191 3.38056 356.997
29 3 64 385.762 5.52002 440.962
29 3 65 439.717 5.33926 493.109
29 3 66 353.639 6.52521 418.891
29 3 67 415.111 5.82738 473.385
