30 0 0 392.168 3.3795 425.963
30 0 1 362.871 22.697 589.841
30 0 2 362.953 3.46266 397.58
30 0 3 346.078 18.7684 533.762
30 0 4 445.791 3.57253 481.516
30 0 5 356.826 12.4569 481.395
30 0 6 378.641 19.7064 575.705
30 0 7 344.09 19.9647 543.737
30 0 8 394.34 11.6353 510.693
30 0 9 336.672 11.9831 456.503
30 0 10 483.785 11.1484 595.269
30 0 11 406.213 2.55326 431.745
30 0 12 457.498 12.8256 585.754
30 0 13 421.547 11.0804 532.351
30 0 14 450.727 11.814 568.866
30 0 15 371.111 12.7545 498.656
30 0 16 411.807 10.2223 514.03
30 0 17 404.912 20.5032 609.944
30 0 18 403.047 23.6674 639.721
30 0 19 391.668 13.9603 531.271
30 0 20 371.211 12.1311 492.522
30 0 21 440.131 11.0105 550.236
30 0 22 397.02 2.31916 420.211
30 0 23 483.775 11.6523 600.298
30 0 24 427.5 12.0109 547.609
30 0 25 428.367 9.7527 525.894
30 0 26 354.826 10.959 464.417
30 0 27 372.406 9.51495 467.556
30 0 28 422.309 16.9031 591.339
30 0 29 386.086 19.8272 584.358
30 0 30 364.275 12.0382 484.657
30 0 31 380.037 10.9 489.037
30 0 32 377.527 11.7926 495.453
30 0 33 410.32 11.4027 524.348
30 0 34 377.176 9.47243 471.9
30 0 35 420.422 9.88082 519.23
30 0 36 419.906 11.104 530.947
30 0 37 368.547 10.8605 477.152
30 0 38 430.924 21.4135 645.059
30 0 39 383.92 18.6186 570.106
30 0 40 361.199 9.76638 458.863
30 0 41 357.553 11.7007 474.56
30 0 42 455.736 12.1382 577.118
30 0 43 411.484 12.3445 534.929
30 0 44 485.115 10.5989 591.104
30 0 45 391.92 2.87898 420.71
30 0 46 411.984 12.3643 535.627
30 0 47 466.201 9.17413 557.942
30 0 48 340.934 9.80351 438.969
30 0 49 464.424 18.7681 652.104
30 0 50 395.523 20.5418 600.941
30 0 51 435.039 10.6876 541.915
30 0 52 377.826 11.4298 492.124
30 0 53 408.801 11.7215 526.016
30 0 54 392.646 12.5573 518.219
30 0 55 414.191 12.734 541.531
30 0 56 463.975 2.41037 488.078
30 0 57 440.078 10.8261 548.339
30 0 58 363.85 11.0324 474.174
30 0 59 425.018 8.17304 506.748
30 0 60 412.715 23.6762 649.477
30 0 61 442.336 18.9102 631.438
30 0 62 394.41 10.6423 500.833
30 0 63 392.701 12.5612 518.313
30 0 64 374.502 3.75884 412.09
30 0 65 388.613 10.6062 494.675
30 0 66 423.219 10.8521 531.74
30 0 67 408.738 10.309 511.828
30 1 0 340.426 13.3847 474.273
30 1 1 305.109 14.1099 446.208
30 1 2 344.307 19.9609 543.916
30 1 3 317.299 23.4754 552.052
30 1 4 371.453 13.8772 510.225
30 1 5 257.24 11.7022 374.262
30 1 6 325.029 10.9365 434.394
30 1 7 355.471 13.4087 489.557
30 1 8 406.479 11.1543 518.021
30 1 9 325.371 12.164 447.011
30 1 10 287.623 12.3116 410.739
30 1 11 391.391 2.55864 416.977
30 1 12 291.895 11.6905 408.8
30 1 13 305.746 21.2234 517.98
30 1 14 365.715 23.214 597.855
30 1 15 361.715 11.3836 475.551
30 1 16 398.789 11.203 510.819
30 1 17 344.684 11.5882 460.566
30 1 18 345.932 12.189 467.822
30 1 19 354.104 11.5295 469.398
30 1 20 355.826 10.6807 462.633
30 1 21 286.18 11.7933 404.112
30 1 22 362.236 2.46713 386.908
30 1 23 329.396 10.6874 436.27
30 1 24 391.781 21.2332 604.114
30 1 25 288.428 20.3823 492.25
30 1 26 430.443 11.978 550.224
30 1 27 336.521 11.7729 454.25
30 1 28 339.654 9.43665 434.021
30 1 29 365.309 10.4535 469.844
30 1 30 385.035 11.2574 497.609
30 1 31 306.064 10.3969 410.033
30 1 32 376.926 9.70534 473.979
30 1 33 359.109 12.4427 483.536
30 1 34 378.805 21.2784 591.589
30 1 35 349.312 19.1716 541.029
30 1 36 339.793 11.4828 454.621
30 1 37 369.137 10.7691 476.828
30 1 38 281.135 10.551 386.645
30 1 39 412.504 12.2484 534.988
30 1 40 377.994 11.8134 496.128
30 1 41 306.305 12.4975 431.28
30 1 42 348.037 11.8813 466.85
30 1 43 297.982 9.66154 394.598
30 1 44 342.756 18.8534 531.29
30 1 45 327.174 2.95524 356.726
30 1 46 326.955 22.6417 553.372
30 1 47 387.273 10.0667 487.941
30 1 48 371.672 12.2296 493.968
30 1 49 344.043 11.6321 460.364
30 1 50 318.867 10.0366 419.233
30 1 51 356.512 11.5962 472.474
30 1 52 378.428 11.9633 498.06
30 1 53 325.318 11.5486 440.804
30 1 54 326.037 12.0559 446.596
30 1 55 370 24.2419 612.419
30 1 56 349.24 2.93665 378.607
30 1 57 374.418 25.0387 624.805
30 1 58 382.789 11.4857 497.646
30 1 59 328.998 12.588 454.879
30 1 60 304.752 12.7273 432.025
30 1 61 383.121 12.2516 505.637
30 1 62 430.775 9.30885 523.864
30 1 63 307.383 11.2896 420.279
30 1 64 289.322 15.9222 448.544
30 1 65 346.881 15.3646 500.526
30 1 66 295.922 18.4351 480.273
30 1 67 283.865 18.4147 468.012
30 2 0 320.281 21.2953 533.235
30 2 1 274.861 21.8459 493.321
30 2 2 354.961 15.461 509.571
30 2 3 357.814 14.1335 499.15
30 2 4 369.35 11.0837 480.187
30 2 5 305.307 11.5252 420.558
30 2 6 377.424 18.4422 561.846
30 2 7 333.137 18.3884 517.021
30 2 8 373.576 11.3538 487.114
30 2 9 334.334 11.0082 444.416
30 2 10 382.312 10.7984 490.297
30 2 11 365.537 2.36317 389.169
30 2 12 364.064 10.7119 471.183
30 2 13 313.428 12.4691 438.119
30 2 14 359.566 10.9984 469.55
30 2 15 392.783 11.0393 503.176
30 2 16 383.133 11.5284 498.417
30 2 17 429.646 23.4975 664.622
30 2 18 378.414 17.953 557.944
30 2 19 360.609 10.9518 470.127
30 2 20 340.953 11.7324 458.278
30 2 21 378.213 9.74116 475.625
30 2 22 367.832 2.50996 392.932
30 2 23 389.158 11.1322 500.48
30 2 24 346.854 11.2112 458.966
30 2 25 362.617 10.8623 471.24
30 2 26 392.158 10.3684 495.842
30 2 27 373.074 11.6951 490.025
30 2 28 387.734 21.5444 603.178
30 2 29 351.562 19.8595 550.157
30 2 30 346.826 10.7942 454.768
30 2 31 346.23 12.1741 467.971
30 2 32 378.469 12.6163 504.632
30 2 33 349.271 10.8825 458.096
30 2 34 377.625 9.64061 474.031
30 2 35 309.895 12.5066 434.96
30 2 36 401.91 11.2575 514.485
30 2 37 322.389 10.68 429.188
30 2 38 327.859 22.3508 551.367
30 2 39 392.479 21.5196 607.675
30 2 40 388.537 11.4537 503.074
30 2 41 323.199 12.7176 450.375
30 2 42 286.562 12.6479 413.041
30 2 43 357.023 12.9213 486.237
30 2 44 369.943 11.2754 482.698
30 2 45 383.346 2.65158 409.862
30 2 46 339.615 10.5159 444.774
30 2 47 293.848 11.2772 406.62
30 2 48 331.66 12.7191 458.851
30 2 49 370.305 22.3518 593.823
30 2 50 392.32 19.1043 583.364
30 2 51 427.684 10.7637 535.32
30 2 52 385.553 13.6002 521.555
30 2 53 353.379 11.8597 471.976
30 2 54 355.213 13.0792 486.005
30 2 55 295.756 14.8173 443.929
30 2 56 322.18 3.11231 353.303
30 2 57 372.496 10.6758 479.254
30 2 58 360.748 12.0092 480.84
30 2 59 317.65 11.2006 429.657
30 2 60 378.701 18.3758 562.459
30 2 61 336.416 19.156 527.976
30 2 62 356.797 12.8904 485.701
30 2 63 294.365 12.8904 423.269
30 2 64 331.404 12.8272 459.677
30 2 65 372.842 14.4145 516.987
30 2 66 372.748 12.3564 496.312
30 2 67 319.561 14.7753 467.313
30 3 0 367.203 12.5661 492.865
30 3 1 363.768 15.8268 522.035
30 3 2 328.014 22.623 554.243
30 3 3 316.432 22.43 540.732
30 3 4 362.164 16.793 530.094
30 3 5 331.283 16.3914 495.198
30 3 6 352.32 17.0509 522.829
30 3 7 324.977 13.6841 461.817
30 3 8 317.592 15.4054 471.646
30 3 9 329.678 13.694 466.618
30 3 10 382.031 15.2546 534.577
30 3 11 339.832 2.60841 365.916
30 3 12 315.984 11.1511 427.496
30 3 13 316.127 27.4144 590.271
30 3 14 342.633 26.4137 606.769
30 3 15 385.828 11.0658 496.486
30 3 16 363.119 11.2364 475.483
30 3 17 374.93 14.1686 516.616
30 3 18 359.619 11.8074 477.693
30 3 19 360.771 17.2403 533.174
30 3 20 345.053 10.9164 454.216
30 3 21 384.762 14.5434 530.195
30 3 22 399.816 2.28905 422.707
30 3 23 380.279 11.3021 493.3
30 3 24 316.25 17.1086 487.336
30 3 25 326.016 20.5255 531.271
30 3 26 335.717 17.8724 514.441
30 3 27 351.734 14.15 493.234
30 3 28 378.938 13.5641 514.578
30 3 29 357.215 13.4078 491.293
30 3 30 276.289 16.9058 445.347
30 3 31 371.242 12.08 492.042
30 3 32 331.584 14.1081 472.665
30 3 33 324.754 14.1129 465.883
30 3 34 345.131 19.2916 538.047
30 3 35 351.166 21.2336 563.502
30 3 36 295.408 14.2203 437.612
30 3 37 325.75 12.1195 446.945
30 3 38 312.857 17.5664 488.522
30 3 39 408.02 11.2495 520.514
30 3 40 298.4 14.9594 447.994
30 3 41 348.018 10.8508 456.526
30 3 42 324.68 19.7457 522.137
30 3 43 345.029 11.8912 463.941
30 3 44 361.486 15.9252 520.739
30 3 45 330.365 3.14143 361.779
30 3 46 324.762 22.7523 552.284
30 3 47 314.809 19.0317 505.126
30 3 48 322.766 11.071 433.475
30 3 49 365.807 21.9254 585.06
30 3 50 335.096 14.7596 482.691
30 3 51 313.035 20.035 513.385
30 3 52 289.064 14.0508 429.572
30 3 53 345.199 20.7185 552.384
30 3 54 277.607 13.8238 415.846
30 3 55 321.926 20.9036 530.962
30 3 56 357.533 2.90118 386.545
30 3 57 344.248 22.285 567.098
30 3 58 312.311 23.1932 544.243
30 3 59 343.977 14.8185 492.162
30 3 60 321.375 28.2113 603.488
30 3 61 389.67 17.5055 564.725
30 3 62 343.646 25.8212 601.858
30 3 63 311.932 15.9312 471.243
30 3 64 308.025 20.1698 509.724
30 3 65 340.793 16.6404 507.197
30 3 66 295.611 17.1824 467.435
30 3 67 341.9 23.3064 574.964
