29 0 0 410.652 5.16337 462.286
29 0 1 348.881 6.48913 413.772
29 0 2 347.693 2.78348 375.528
29 0 3 377.65 2.55579 403.208
29 0 4 414.205 2.94993 443.704
29 0 5 338.115 3.29482 371.063
29 0 6 382.607 2.92754 411.883
29 0 7 312.629 3.20933 344.722
29 0 8 364.867 3.18228 396.69
29 0 9 383.744 3.00439 413.788
29 0 10 425.633 3.59985 461.631
29 0 11 359.535 2.19968 381.532
29 0 12 319.861 3.14964 351.358
29 0 13 370.158 3.34949 403.653
29 0 14 348.266 3.78057 386.071
29 0 15 302.227 3.12429 333.469
29 0 16 359.787 3.28461 392.633
29 0 17 387.98 2.51006 413.081
29 0 18 377.592 3.46627 412.254
29 0 19 366.244 2.90154 395.26
29 0 20 348.064 3.22008 380.265
29 0 21 304.002 3.19209 335.923
29 0 22 366.742 2.33267 390.069
29 0 23 373.137 3.37975 406.934
29 0 24 428.916 3.15714 460.487
29 0 25 335.197 2.79057 363.103
29 0 26 345.58 3.05826 376.163
29 0 27 331.596 3.3399 364.995
29 0 28 336.926 2.88219 365.748
29 0 29 330.42 3.01063 360.526
29 0 30 356.135 3.03035 386.438
29 0 31 290.75 2.60408 316.791
29 0 32 348.35 2.97726 378.122
29 0 33 312.576 2.90979 341.674
29 0 34 387.449 2.93507 416.8
29 0 35 353.213 3.05861 383.799
29 0 36 324.539 3.0082 354.621
29 0 37 287.754 3.55838 323.338
29 0 38 333.559 3.08355 364.394
29 0 39 366.166 3.38335 400
29 0 40 357.555 3.26154 390.17
29 0 41 320.58 3.93867 359.967
29 0 42 324.428 3.10284 355.456
29 0 43 382.762 3.15576 414.319
29 0 44 340.051 3.37982 373.849
29 0 45 321.949 2.67317 348.681
29 0 46 288.723 3.60843 324.807
29 0 47 426.162 3.30351 459.197
29 0 48 361.709 3.32593 394.968
29 0 49 340.605 3.62131 376.819
29 0 50 334.766 3.31953 367.961
29 0 51 363.359 3.55753 398.935
29 0 52 405.965 3.48752 440.84
29 0 53 356.232 3.60375 392.27
29 0 54 339.389 3.72849 376.674
29 0 55 332.207 3.33485 365.555
29 0 56 348.291 2.36083 371.899
29 0 57 415.219 3.66292 451.848
29 0 58 332.4 3.40866 366.487
29 0 59 387.373 3.50105 422.384
29 0 60 358.352 3.43884 392.74
29 0 61 382.943 3.2287 415.23
29 0 62 283.646 3.40066 317.653
29 0 63 341.367 3.30866 374.454
29 0 64 315.07 2.73628 342.433
29 0 65 362.029 3.37343 395.764
29 0 66 332.135 3.31241 365.259
29 0 67 322.051 3.08052 352.856
29 1 0 373.811 2.74667 401.277
29 1 1 241.516 3.26555 274.171
29 1 2 369.367 3.33746 402.742
29 1 3 399.326 3.15564 430.883
29 1 4 337.656 2.90457 366.702
29 1 5 411.666 2.92146 440.881
29 1 6 411.088 3.03915 441.479
29 1 7 395.941 3.14004 427.342
29 1 8 427.602 3.0589 458.191
29 1 9 388.996 3.53774 424.374
29 1 10 395.578 3.41666 429.745
29 1 11 398.752 2.12017 419.954
29 1 12 399.035 3.09276 429.963
29 1 13 453.992 3.04971 484.489
29 1 14 423.338 2.86498 451.988
29 1 15 457.75 3.51392 492.889
29 1 16 398.943 3.45602 433.504
29 1 17 424.332 3.53872 459.719
29 1 18 424.709 2.84894 453.198
29 1 19 389.385 3.16018 420.987
29 1 20 466.547 3.35668 500.114
29 1 21 387.084 3.27496 419.834
29 1 22 396.568 2.41884 420.757
29 1 23 383.592 2.73136 410.905
29 1 24 434.168 3.11547 465.323
29 1 25 347.543 3.45028 382.046
29 1 26 380.889 3.4496 415.385
29 1 27 414.484 2.83872 442.872
29 1 28 430.074 2.73689 457.443
29 1 29 407.033 2.8588 435.621
29 1 30 358.699 3.27266 391.426
29 1 31 423.799 2.93826 453.181
29 1 32 388.811 3.04479 419.258
29 1 33 309.482 3.34939 342.976
29 1 34 386.877 2.89843 415.861
29 1 35 374.668 3.11672 405.835
29 1 36 338.217 2.78842 366.101
29 1 37 383.189 2.88403 412.03
29 1 38 370.107 3.07303 400.838
29 1 39 319.885 3.16974 351.582
29 1 40 398.516 3.21005 430.616
29 1 41 377.162 3.19104 409.072
29 1 42 344.449 3.4626 379.075
29 1 43 384.898 3.34557 418.354
29 1 44 370.791 3.44279 405.219
29 1 45 449.928 2.44882 474.416
29 1 46 403.553 5.68416 460.394
29 1 47 434.611 3.21363 466.748
29 1 48 404.182 3.58712 440.053
29 1 49 406.598 3.47736 441.371
29 1 50 342.988 3.75779 380.566
29 1 51 410.752 3.3679 444.431
29 1 52 380.346 3.33887 413.734
29 1 53 395.846 3.05382 426.384
29 1 54 382.062 3.39174 415.98
29 1 55 371.566 3.55914 407.158
29 1 56 396.77 2.52209 421.99
29 1 57 374.965 3.26181 407.583
29 1 58 417.461 3.52536 452.715
29 1 59 365.336 3.32022 398.538
29 1 60 387.693 3.58078 423.501
29 1 61 422.729 3.24677 455.196
29 1 62 423.094 3.07507 453.844
29 1 63 421.506 3.64112 457.917
29 1 64 357.566 5.85598 416.126
29 1 65 348.248 5.44172 402.665
29 1 66 335.756 5.58746 391.63
29 1 67 387.803 5.59385 443.741
29 2 0 299.799 5.7964 357.763
29 2 1 325.248 5.4169 379.417
29 2 2 329.15 5.69666 386.117
29 2 3 266.965 6.07656 327.73
29 2 4 321.482 3.24514 353.934
29 2 5 321.033 3.30436 354.077
29 2 6 376.176 2.81673 404.343
29 2 7 419.562 3.24338 451.996
29 2 8 359.299 3.28208 392.12
29 2 9 340.246 3.03913 370.637
29 2 10 394.285 2.83683 422.653
29 2 11 342.529 2.18104 364.34
29 2 12 399.695 3.25494 432.245
29 2 13 290.336 2.69194 317.255
29 2 14 371.828 3.11651 402.993
29 2 15 415.717 3.2313 448.03
29 2 16 328.49 3.68908 365.381
29 2 17 385.23 2.97608 414.991
29 2 18 410.404 2.94988 439.903
29 2 19 419.205 2.92533 448.458
29 2 20 381.943 3.10725 413.016
29 2 21 345.336 3.08037 376.14
29 2 22 369.48 2.35178 392.998
29 2 23 425.895 2.8785 454.68
29 2 24 432.16 2.94907 461.651
29 2 25 357.639 2.93356 386.974
29 2 26 295.588 3.31664 328.754
29 2 27 304.354 3.25871 336.941
29 2 28 335.139 3.14964 366.635
29 2 29 387.582 3.06204 418.202
29 2 30 333.396 2.93701 362.767
29 2 31 280.221 3.03883 310.609
29 2 32 406.148 2.37365 429.885
29 2 33 315.461 2.96833 345.144
29 2 34 300.895 2.7903 328.797
29 2 35 354.379 3.29728 387.352
29 2 36 393.986 3.11903 425.177
29 2 37 328.469 3.05723 359.041
29 2 38 335.918 3.22059 368.124
29 2 39 346.195 3.21145 378.31
29 2 40 318.771 3.65672 355.339
29 2 41 303.4 3.43549 337.755
29 2 42 330.832 3.32649 364.097
29 2 43 303.297 3.41151 337.412
29 2 44 431.037 3.26687 463.706
29 2 45 312.877 2.70894 339.966
29 2 46 295.229 3.43871 329.616
29 2 47 369.408 3.64533 405.862
29 2 48 363.387 3.38927 397.279
29 2 49 380.463 3.68784 417.341
29 2 50 372.127 3.11522 403.279
29 2 51 345.633 3.8342 383.975
29 2 52 341.914 3.36869 375.601
29 2 53 357.955 3.0695 388.65
29 2 54 371.568 3.32004 404.769
29 2 55 381.967 3.57957 417.763
29 2 56 403.557 2.23448 425.901
29 2 57 302.176 3.36752 335.851
29 2 58 310.441 3.2059 342.5
29 2 59 362.271 3.24135 394.685
29 2 60 367.854 3.36341 401.488
29 2 61 307.883 3.08568 338.74
29 2 62 351.021 3.18283 382.85
29 2 63 276.822 3.50636 311.886
29 2 64 392.533 3.06614 423.195
29 2 65 276.666 3.52277 311.894
29 2 66 309.766 3.16039 341.369
29 2 67 281.721 3.19761 313.697
29 3 0 321.951 3.10298 352.981
29 3 1 424.59 3.41637 458.754
29 3 2 383.256 2.85095 411.765
29 3 3 366.188 3.31662 399.354
29 3 4 373.244 3.47268 407.971
29 3 5 371.643 2.8945 400.588
29 3 6 375.072 3.01504 405.223
29 3 7 402.23 2.98198 432.05
29 3 8 389.939 2.79897 417.929
29 3 9 422.377 2.88931 451.27
29 3 10 362.75 2.80624 390.812
29 3 11 406.969 2.13211 428.29
29 3 12 446.689 3.2312 479.001
29 3 13 370.834 3.20183 402.852
29 3 14 426.006 3.29802 458.986
29 3 15 381.256 3.03157 411.572
29 3 16 370.826 3.47804 405.607
29 3 17 336.344 3.34112 369.755
29 3 18 387.057 3.33698 420.426
29 3 19 411.686 3.07408 442.426
29 3 20 398.641 3.1844 430.485
29 3 21 394.73 3.29441 427.675
29 3 22 378.998 2.33059 402.304
29 3 23 463.271 2.88492 492.121
29 3 24 341.826 3.07698 372.596
29 3 25 440.492 3.05419 471.034
29 3 26 385.357 3.39105 419.268
29 3 27 371.654 3.50608 406.715
29 3 28 327.969 2.885 356.819
29 3 29 361.084 2.61807 387.265
29 3 30 322.975 3.27057 355.68
29 3 31 441.832 3.04958 472.328
29 3 32 368.365 2.91437 397.509
29 3 33 390.725 2.90883 419.813
29 3 34 311.275 3.40271 345.303
29 3 35 365.66 3.02169 395.877
29 3 36 360.014 3.39258 393.939
29 3 37 362.373 2.75559 389.929
29 3 38 386.797 2.72606 414.057
29 3 39 384.992 3.03494 415.342
29 3 40 336.295 3.46367 370.932
29 3 41 445.355 3.0173 475.528
29 3 42 364.16 3.34094 397.57
29 3 43 333.326 3.39189 367.245
29 3 44 370.637 3.40738 404.71
29 3 45 378.902 2.50901 403.992
29 3 46 363.035 3.19832 395.018
29 3 47 389.922 3.11024 421.024
29 3 48 425.895 3.34486 459.343
29 3 49 361.688 3.38251 395.513
29 3 50 372.092 3.53793 407.471
29 3 51 373.561 3.31254 406.686
29 3 52 331.916 3.99643 371.88
29 3 53 373.164 3.85079 411.672
29 3 54 329.768 3.34691 363.237
29 3 55 396.729 3.05844 427.313
29 3 56 339.145 2.60832 365.228
29 3 57 308.188 3.40381 342.226
29 3 58 418.799 3.34485 452.247
29 3 59 394.908 3.35605 428.469
29 3 60 374.822 3.3891 408.713
29 3 61 382.33 3.31757 415.506
29 3 62 344.918 3.26276 377.546
29 3 63 319.428 3.59234 355.351
29 3 64 383.305 6.31999 446.505
29 3 65 439.666 5.75202 497.186
29 3 66 353.301 5.7757 411.058
29 3 67 414.092 5.38094 467.901
