29 0 0 0 2.32292 0
29 0 1 0 5.52107 0
29 0 2 0 2.35663 0
29 0 3 0 2.27396 0
29 0 4 0 2.28252 0
29 0 5 0 3.26014 0
29 0 6 0 2.35274 0
29 0 7 0 3.56429 0
29 0 8 0 3.34155 0
29 0 9 0 2.95882 0
29 0 10 0 2.90558 0
29 0 11 0 2.29886 0
29 0 12 0 3.44914 0
29 0 13 0 3.86225 0
29 0 14 0 3.43332 0
29 0 15 0 3.66857 0
29 0 16 0 3.54226 0
29 0 17 0 2.79414 0
29 0 18 0 3.83804 0
29 0 19 0 3.22099 0
29 0 20 0 3.42642 0
29 0 21 0 2.83597 0
29 0 22 0 2.16906 0
29 0 23 0 3.50661 0
29 0 24 0 3.72977 0
29 0 25 0 2.95106 0
29 0 26 0 3.63165 0
29 0 27 0 3.03995 0
29 0 28 0 2.96964 0
29 0 29 0 3.4308 0
29 0 30 0 3.01444 0
29 0 31 0 2.65662 0
29 0 32 0 2.9465 0
29 0 33 0 2.74768 0
29 0 34 0 2.98057 0
29 0 35 0 3.08395 0
29 0 36 0 3.44667 0
29 0 37 0 3.49051 0
29 0 38 0 3.11206 0
29 0 39 0 2.79819 0
29 0 40 0 3.3826 0
29 0 41 0 3.26595 0
29 0 42 0 3.09442 0
29 0 43 0 3.37884 0
29 0 44 0 3.2531 0
29 0 45 0 2.83702 0
29 0 46 0 3.46942 0
29 0 47 0 3.25784 0
29 0 48 0 3.30013 0
29 0 49 0 3.21313 0
29 0 50 0 3.24461 0
29 0 51 0 3.02597 0
29 0 52 0 3.74058 0
29 0 53 0 3.56634 0
29 0 54 0 3.24724 0
29 0 55 0 3.19706 0
29 0 56 0 2.41039 0
29 0 57 0 3.12699 0
29 0 58 0 3.12642 0
29 0 59 0 3.53056 0
29 0 60 0 3.84956 0
29 0 61 0 3.4175 0
29 0 62 0 3.22741 0
29 0 63 0 3.02655 0
29 0 64 0 2.82823 0
29 0 65 0 3.50259 0
29 0 66 0 3.39111 0
29 0 67 0 3.0138 0
29 1 0 0 3.23926 0
29 1 1 0 3.30049 0
29 1 2 0 2.74013 0
29 1 3 0 2.95165 0
29 1 4 0 2.9764 0
29 1 5 0 3.05058 0
29 1 6 0 3.43035 0
29 1 7 0 3.28213 0
29 1 8 0 2.85713 0
29 1 9 0 3.06368 0
29 1 10 0 3.07754 0
29 1 11 0 2.02579 0
29 1 12 0 3.49562 0
29 1 13 0 3.46167 0
29 1 14 0 3.07713 0
29 1 15 0 3.42751 0
29 1 16 0 3.11227 0
29 1 17 0 3.65357 0
29 1 18 0 3.23917 0
29 1 19 0 2.8643 0
29 1 20 0 3.26972 0
29 1 21 0 3.2366 0
29 1 22 0 2.2552 0
29 1 23 0 2.98628 0
29 1 24 0 2.98891 0
29 1 25 0 3.31338 0
29 1 26 0 3.43858 0
29 1 27 0 2.69393 0
29 1 28 0 2.75501 0
29 1 29 0 2.92684 0
29 1 30 0 2.66981 0
29 1 31 0 3.26944 0
29 1 32 0 2.74142 0
29 1 33 0 3.26609 0
29 1 34 0 2.83915 0
29 1 35 0 3.47481 0
29 1 36 0 3.12705 0
29 1 37 0 2.96808 0
29 1 38 0 3.30877 0
29 1 39 0 3.40515 0
29 1 40 0 3.35761 0
29 1 41 0 3.16029 0
29 1 42 0 3.55961 0
29 1 43 0 3.49867 0
29 1 44 0 3.08517 0
29 1 45 0 2.35955 0
29 1 46 0 5.50514 0
29 1 47 0 2.92842 0
29 1 48 0 3.49974 0
29 1 49 0 3.80508 0
29 1 50 0 3.80067 0
29 1 51 0 3.32074 0
29 1 52 0 3.70755 0
29 1 53 0 3.6334 0
29 1 54 0 3.56579 0
29 1 55 0 3.2242 0
29 1 56 0 2.47867 0
29 1 57 0 3.39425 0
29 1 58 0 3.51833 0
29 1 59 0 3.10752 0
29 1 60 0 3.52496 0
29 1 61 0 3.15818 0
29 1 62 0 3.19283 0
29 1 63 0 2.83433 0
29 1 64 0 4.62422 0
29 1 65 0 5.13756 0
29 1 66 0 4.65115 0
29 1 67 0 4.9822 0
29 2 0 0 4.51915 0
29 2 1 0 4.50415 0
29 2 2 0 4.82848 0
29 2 3 0 5.0286 0
29 2 4 0 2.85232 0
29 2 5 0 3.39449 0
29 2 6 0 2.81503 0
29 2 7 0 3.41283 0
29 2 8 0 3.46807 0
29 2 9 0 3.39217 0
29 2 10 0 2.76846 0
29 2 11 0 2.21398 0
29 2 12 0 3.03804 0
29 2 13 0 3.47755 0
29 2 14 0 3.44 0
29 2 15 0 2.88515 0
29 2 16 0 3.32083 0
29 2 17 0 2.82506 0
29 2 18 0 2.93812 0
29 2 19 0 2.92473 0
29 2 20 0 3.35745 0
29 2 21 0 3.03489 0
29 2 22 0 2.29792 0
29 2 23 0 3.38985 0
29 2 24 0 2.63538 0
29 2 25 0 3.1481 0
29 2 26 0 3.20377 0
29 2 27 0 3.16563 0
29 2 28 0 3.15223 0
29 2 29 0 2.90671 0
29 2 30 0 3.33347 0
29 2 31 0 3.15237 0
29 2 32 0 2.66241 0
29 2 33 0 3.16003 0
29 2 34 0 2.81584 0
29 2 35 0 3.28903 0
29 2 36 0 3.12871 0
29 2 37 0 3.39172 0
29 2 38 0 3.38248 0
29 2 39 0 3.19175 0
29 2 40 0 3.49663 0
29 2 41 0 3.29624 0
29 2 42 0 3.16921 0
29 2 43 0 3.14018 0
29 2 44 0 3.28518 0
29 2 45 0 2.74519 0
29 2 46 0 3.59823 0
29 2 47 0 3.3721 0
29 2 48 0 3.24975 0
29 2 49 0 3.58872 0
29 2 50 0 3.07635 0
29 2 51 0 3.44776 0
29 2 52 0 3.11185 0
29 2 53 0 3.02568 0
29 2 54 0 3.57915 0
29 2 55 0 3.17877 0
29 2 56 0 2.31811 0
29 2 57 0 3.37201 0
29 2 58 0 3.50629 0
29 2 59 0 3.16935 0
29 2 60 0 3.34746 0
29 2 61 0 3.89115 0
29 2 62 0 3.31389 0
29 2 63 0 3.2887 0
29 2 64 0 2.99934 0
29 2 65 0 3.20972 0
29 2 66 0 3.12819 0
29 2 67 0 3.03195 0
29 3 0 0 3.15698 0
29 3 1 0 3.15671 0
29 3 2 0 2.96942 0
29 3 3 0 3.27642 0
29 3 4 0 2.85593 0
29 3 5 0 2.87755 0
29 3 6 0 2.92411 0
29 3 7 0 2.93926 0
29 3 8 0 3.07868 0
29 3 9 0 3.37398 0
29 3 10 0 3.03904 0
29 3 11 0 2.1935 0
29 3 12 0 2.91418 0
29 3 13 0 3.18152 0
29 3 14 0 3.29358 0
29 3 15 0 3.48952 0
29 3 16 0 3.22534 0
29 3 17 0 3.39414 0
29 3 18 0 3.36435 0
29 3 19 0 2.8482 0
29 3 20 0 3.42893 0
29 3 21 0 3.23522 0
29 3 22 0 2.27695 0
29 3 23 0 2.95304 0
29 3 24 0 3.342 0
29 3 25 0 3.07927 0
29 3 26 0 3.07773 0
29 3 27 0 3.00812 0
29 3 28 0 2.83152 0
29 3 29 0 2.88585 0
29 3 30 0 3.09241 0
29 3 31 0 2.79671 0
29 3 32 0 2.80379 0
29 3 33 0 2.8432 0
29 3 34 0 2.8473 0
29 3 35 0 3.04663 0
29 3 36 0 3.08544 0
29 3 37 0 2.97294 0
29 3 38 0 3.15391 0
29 3 39 0 3.02697 0
29 3 40 0 3.50516 0
29 3 41 0 3.11149 0
29 3 42 0 3.58841 0
29 3 43 0 3.57845 0
29 3 44 0 3.04316 0
29 3 45 0 2.46149 0
29 3 46 0 3.32119 0
29 3 47 0 2.99064 0
29 3 48 0 3.4562 0
29 3 49 0 3.36458 0
29 3 50 0 3.87922 0
29 3 51 0 3.11917 0
29 3 52 0 3.56532 0
29 3 53 0 3.39688 0
29 3 54 0 3.4518 0
29 3 55 0 3.60806 0
29 3 56 0 2.62508 0
29 3 57 0 3.78267 0
29 3 58 0 3.22007 0
29 3 59 0 3.15344 0
29 3 60 0 3.21907 0
29 3 61 0 3.71931 0
29 3 62 0 3.74513 0
29 3 63 0 3.78382 0
29 3 64 0 3.98235 0
29 3 65 0 5.09526 0
29 3 66 0 4.87541 0
29 3 67 0 4.98808 0
