0	0	3	4
0	1	2	1
0	2	2	4
0	3	1	4
0	4	0	31
0	5	0	1
0	6	31	0
0	7	1	0
0	8	0	32
0	9	0	2
0	10	32	0
0	12	2	0
0	13	0	33
0	14	0	3
0	15	33	0
0	16	3	0
0	17	0	34
0	18	0	4
0	19	34	0
0	20	4	0
0	21	0	35
0	23	0	5
0	24	35	0
0	25	5	0
0	26	0	36
0	27	0	6
0	28	36	0
0	29	6	0
0	30	0	37
0	31	0	7
0	32	37	0
0	33	7	0
0	34	0	38
0	35	0	8
0	36	38	0
0	37	8	0
0	38	0	39
0	39	0	9
0	40	39	0
0	41	9	0
0	42	0	40
0	43	0	10
0	44	40	0
0	46	10	0
0	47	0	41
0	48	0	11
0	49	41	0
0	50	11	0
0	51	0	42
0	52	0	12
0	53	42	0
0	54	12	0
0	55	0	43
0	57	0	13
0	58	43	0
0	59	13	0
0	60	0	44
0	61	0	14
0	62	44	0
0	63	14	0
0	64	0	45
0	65	0	15
0	66	45	0
0	67	15	0
1	0	0	46
1	1	0	16
1	2	46	0
1	3	16	0
1	4	0	47
1	5	0	17
1	6	47	0
1	7	17	0
1	8	0	48
1	9	0	18
1	10	48	0
1	12	18	0
1	13	0	49
1	14	0	19
1	15	49	0
1	16	19	0
1	17	0	50
1	18	0	20
1	19	50	0
1	20	20	0
1	21	0	51
1	23	0	21
1	24	51	0
1	25	21	0
1	26	0	52
1	27	0	22
1	28	52	0
1	29	22	0
1	30	0	53
1	31	0	23
1	32	53	0
1	33	23	0
1	34	0	54
1	35	0	24
1	36	54	0
1	37	24	0
1	38	0	55
1	39	0	25
1	40	55	0
1	41	25	0
1	42	0	56
1	43	0	26
1	44	56	0
1	46	26	0
1	47	0	57
1	48	0	27
1	49	57	0
1	50	27	0
1	51	0	58
1	52	0	28
1	53	58	0
1	54	28	0
1	55	0	59
1	57	0	29
1	58	59	0
1	59	29	0
1	60	0	60
1	61	0	30
1	62	60	0
1	63	30	0
1	64	3	3
1	65	4	1
1	66	1	3
1	67	3	1
2	0	3	2
2	1	2	3
2	2	2	2
2	3	4	4
2	4	0	91
2	5	0	61
2	6	91	0
2	7	61	0
2	8	0	92
2	9	0	62
2	10	92	0
2	12	62	0
2	13	0	93
2	14	0	63
2	15	93	0
2	16	63	0
2	17	0	94
2	18	0	64
2	19	94	0
2	20	64	0
2	21	0	95
2	23	0	65
2	24	95	0
2	25	65	0
2	26	0	96
2	27	0	66
2	28	96	0
2	29	66	0
2	30	0	97
2	31	0	67
2	32	97	0
2	33	67	0
2	34	0	98
2	35	0	68
2	36	98	0
2	37	68	0
2	38	0	99
2	39	0	69
2	40	99	0
2	41	69	0
2	42	0	100
2	43	0	70
2	44	100	0
2	46	70	0
2	47	0	101
2	48	0	71
2	49	101	0
2	50	71	0
2	51	0	102
2	52	0	72
2	53	102	0
2	54	72	0
2	55	0	103
2	57	0	73
2	58	103	0
2	59	73	0
2	60	0	104
2	61	0	74
2	62	104	0
2	63	74	0
2	64	0	105
2	65	0	75
2	66	105	0
2	67	75	0
3	0	0	106
3	1	0	76
3	2	106	0
3	3	76	0
3	4	0	107
3	5	0	77
3	6	107	0
3	7	77	0
3	8	0	108
3	9	0	78
3	10	108	0
3	12	78	0
3	13	0	109
3	14	0	79
3	15	109	0
3	16	79	0
3	17	0	110
3	18	0	80
3	19	110	0
3	20	80	0
3	21	0	111
3	23	0	81
3	24	111	0
3	25	81	0
3	26	0	112
3	27	0	82
3	28	112	0
3	29	82	0
3	30	0	113
3	31	0	83
3	32	113	0
3	33	83	0
3	34	0	114
3	35	0	84
3	36	114	0
3	37	84	0
3	38	0	115
3	39	0	85
3	40	115	0
3	41	85	0
3	42	0	116
3	43	0	86
3	44	116	0
3	46	86	0
3	47	0	117
3	48	0	87
3	49	117	0
3	50	87	0
3	51	0	118
3	52	0	88
3	53	118	0
3	54	88	0
3	55	0	119
3	57	0	89
3	58	119	0
3	59	89	0
3	60	0	120
3	61	0	90
3	62	120	0
3	63	90	0
3	64	1	1
3	65	1	2
3	66	4	2
3	67	4	3
